#x	y	prime
2.25	9.75	3
3.25	9.75	7
1.25	8.75	11
2.25	8.75	13
3.25	8.75	17
4.25	8.75	19
2.25	7.75	23
4.25	7.75	29
1.25	6.75	31
3.25	6.75	37
1.25	5.75	41
2.25	5.75	43
3.25	5.75	47
2.25	4.75	53
4.25	4.75	59
1.25	3.75	61
3.25	3.75	67
1.25	2.75	71
2.25	2.75	73
4.25	2.75	79
2.25	1.75	83
4.25	1.75	89
3.25	0.75	97
1.75	9.75	101
2.75	9.75	103
3.75	9.75	107
4.75	9.75	109
2.75	8.75	113
3.75	7.75	127
1.75	6.75	131
3.75	6.75	137
4.75	6.75	139
4.75	5.75	149
1.75	4.75	151
3.75	4.75	157
2.75	3.75	163
3.75	3.75	167
2.75	2.75	173
4.75	2.75	179
1.75	1.75	181
1.75	0.75	191
2.75	0.75	193
3.75	0.75	197
4.75	0.75	199
1.5	8.5	211
2.5	7.5	223
3.5	7.5	227
4.5	7.5	229
2.5	6.5	233
4.5	6.5	239
1.5	5.5	241
1.5	4.5	251
3.5	4.5	257
2.5	3.5	263
4.5	3.5	269
1.5	2.5	271
3.5	2.5	277
1.5	1.5	281
2.5	1.5	283
2.5	0.5	293
3.25	9.25	307
1.25	8.25	311
2.25	8.25	313
3.25	8.25	317
1.25	6.25	331
3.25	6.25	337
3.25	5.25	347
4.25	5.25	349
2.25	4.25	353
4.25	4.25	359
3.25	3.25	367
2.25	2.25	373
4.25	2.25	379
2.25	1.25	383
4.25	1.25	389
3.25	0.25	397
1.75	9.25	401
4.75	9.25	409
4.75	8.25	419
1.75	7.25	421
1.75	6.25	431
2.75	6.25	433
4.75	6.25	439
2.75	5.25	443
4.75	5.25	449
3.75	4.25	457
1.75	3.25	461
2.75	3.25	463
3.75	3.25	467
4.75	2.25	479
3.75	1.25	487
1.75	0.25	491
4.75	0.25	499
7.25	9.75	503
9.25	9.75	509
6.25	7.75	521
7.25	7.75	523
6.25	5.75	541
8.25	5.75	547
8.25	4.75	557
7.25	3.75	563
9.25	3.75	569
6.25	2.75	571
8.25	2.75	577
8.25	1.75	587
7.25	0.75	593
9.25	0.75	599
6.75	9.75	601
8.75	9.75	607
7.75	8.75	613
8.75	8.75	617
9.75	8.75	619
6.75	6.75	631
6.75	5.75	641
7.75	5.75	643
8.75	5.75	647
7.75	4.75	653
9.75	4.75	659
6.75	3.75	661
7.75	2.75	673
8.75	2.75	677
7.75	1.75	683
6.75	0.75	691
6.5	9.5	701
9.5	9.5	709
9.5	8.5	719
8.5	7.5	727
7.5	6.5	733
9.5	6.5	739
7.5	5.5	743
6.5	4.5	751
8.5	4.5	757
6.5	3.5	761
9.5	3.5	769
7.5	2.5	773
8.5	1.5	787
8.5	0.5	797
9.25	9.25	809
6.25	8.25	811
6.25	7.25	821
7.25	7.25	823
8.25	7.25	827
9.25	7.25	829
9.25	6.25	839
7.25	4.25	853
8.25	4.25	857
9.25	4.25	859
7.25	3.25	863
8.25	2.25	877
6.25	1.25	881
7.25	1.25	883
8.25	1.25	887
8.75	9.25	907
6.75	8.25	911
9.75	8.25	919
9.75	7.25	929
8.75	6.25	937
6.75	5.25	941
8.75	5.25	947
7.75	4.25	953
8.75	3.25	967
6.75	2.25	971
8.75	2.25	977
7.75	1.25	983
6.75	0.25	991
8.75	0.25	997
14.25	9.75	1009
12.25	8.75	1013
14.25	8.75	1019
11.25	7.75	1021
11.25	6.75	1031
12.25	6.75	1033
14.25	6.75	1039
14.25	5.75	1049
11.25	4.75	1051
11.25	3.75	1061
12.25	3.75	1063
14.25	3.75	1069
13.25	1.75	1087
11.25	0.75	1091
12.25	0.75	1093
13.25	0.75	1097
12.75	9.75	1103
14.75	9.75	1109
13.75	8.75	1117
12.75	7.75	1123
14.75	7.75	1129
11.75	4.75	1151
12.75	4.75	1153
12.75	3.75	1163
11.75	2.75	1171
11.75	1.75	1181
13.75	1.75	1187
12.75	0.75	1193
11.5	9.5	1201
12.5	8.5	1213
13.5	8.5	1217
12.5	7.5	1223
14.5	7.5	1229
11.5	6.5	1231
13.5	6.5	1237
14.5	5.5	1249
14.5	4.5	1259
13.5	2.5	1277
14.5	2.5	1279
12.5	1.5	1283
14.5	1.5	1289
11.5	0.5	1291
13.5	0.5	1297
11.25	9.25	1301
12.25	9.25	1303
13.25	9.25	1307
14.25	8.25	1319
11.25	7.25	1321
13.25	7.25	1327
11.25	3.25	1361
13.25	3.25	1367
12.25	2.25	1373
11.25	1.25	1381
14.25	0.25	1399
14.75	9.25	1409
12.75	7.25	1423
13.75	7.25	1427
14.75	7.25	1429
12.75	6.25	1433
14.75	6.25	1439
13.75	5.25	1447
11.75	4.25	1451
12.75	4.25	1453
14.75	4.25	1459
11.75	2.25	1471
11.75	1.25	1481
12.75	1.25	1483
13.75	1.25	1487
14.75	1.25	1489
12.75	0.25	1493
14.75	0.25	1499
16.25	8.75	1511
17.25	7.75	1523
16.25	6.75	1531
17.25	5.75	1543
19.25	5.75	1549
17.25	4.75	1553
19.25	4.75	1559
18.25	3.75	1567
16.25	2.75	1571
19.25	2.75	1579
17.25	1.75	1583
18.25	0.75	1597
16.75	9.75	1601
18.75	9.75	1607
19.75	9.75	1609
17.75	8.75	1613
19.75	8.75	1619
16.75	7.75	1621
18.75	7.75	1627
18.75	6.75	1637
18.75	4.75	1657
17.75	3.75	1663
18.75	3.75	1667
19.75	3.75	1669
17.75	0.75	1693
18.75	0.75	1697
19.75	0.75	1699
19.5	9.5	1709
16.5	7.5	1721
17.5	7.5	1723
17.5	6.5	1733
16.5	5.5	1741
18.5	5.5	1747
17.5	4.5	1753
19.5	4.5	1759
18.5	2.5	1777
17.5	1.5	1783
18.5	1.5	1787
19.5	1.5	1789
16.25	9.25	1801
16.25	8.25	1811
17.25	7.25	1823
16.25	6.25	1831
18.25	5.25	1847
16.25	3.25	1861
18.25	3.25	1867
16.25	2.25	1871
17.25	2.25	1873
18.25	2.25	1877
19.25	2.25	1879
19.25	1.25	1889
16.75	9.25	1901
18.75	9.25	1907
17.75	8.25	1913
16.75	6.25	1931
17.75	6.25	1933
19.75	5.25	1949
16.75	4.25	1951
17.75	2.25	1973
19.75	2.25	1979
18.75	1.25	1987
17.75	0.25	1993
18.75	0.25	1997
19.75	0.25	1999